262
0 389 504
1 391 504
2 367 504
3 390 504
4 379 504
5 389 504
6 399 504
7 370 504
8 382 504
9 394 504
10 372 504
11 435 504
12 346 504
13 367 504
14 369 504
15 353 504
16 386 504
17 364 504
18 362 504
19 390 504
20 400 504
21 346 504
22 363 504
23 324 504
24 351 504
25 338 504
26 308 504
27 398 504
28 382 504
29 398 504
30 374 504
31 361 504
32 361 504
33 355 504
34 339 504
35 370 504
36 370 504
37 374 504
38 373 504
39 370 504
40 383 504
41 391 504
42 360 504
43 373 504
44 371 504
45 383 504
46 372 504
47 404 504
48 385 504
49 369 504
50 366 504
51 370 504
52 381 504
53 407 504
54 393 504
55 398 504
56 395 504
57 383 504
58 386 504
59 385 504
60 373 504
61 383 504
62 409 504
63 381 504
64 384 504
65 401 504
66 402 504
67 400 504
68 398 504
69 397 504
70 382 504
71 410 504
72 395 504
73 385 504
74 394 504
75 399 504
76 403 504
77 402 504
78 368 504
79 388 504
80 387 504
81 380 504
82 375 504
83 370 504
84 364 504
85 370 504
86 366 504
87 369 504
88 371 504
89 400 504
90 366 504
91 396 504
92 388 504
93 388 504
94 377 504
95 389 504
96 391 504
97 379 504
98 386 504
99 407 504
100 412 504
101 385 504
102 359 504
103 423 504
104 389 504
105 385 504
106 381 504
107 347 504
108 380 504
109 374 504
110 371 504
111 367 504
112 381 504
113 378 504
114 395 504
115 405 504
116 418 504
117 374 504
118 391 504
119 390 504
120 377 504
121 380 504
122 369 504
123 403 504
124 387 504
125 374 504
126 363 504
127 345 504
128 381 504
129 381 504
130 367 504
131 379 504
132 347 504
133 377 504
134 393 504
135 394 504
136 370 504
137 365 504
138 396 504
139 389 504
140 342 504
141 378 504
142 389 504
143 365 504
144 388 504
145 371 504
146 370 504
147 383 504
148 372 504
149 366 504
150 340 504
151 398 504
152 383 504
153 394 504
154 372 504
155 384 504
156 377 504
157 377 504
158 389 504
159 388 504
160 373 504
161 370 504
162 381 504
163 373 504
164 348 504
165 372 504
166 380 504
167 380 504
168 376 504
169 365 504
170 376 504
171 368 504
172 368 504
173 364 504
174 364 504
175 379 504
176 370 504
177 368 504
178 367 504
179 368 504
180 367 504
181 375 504
182 368 504
183 374 504
184 374 504
185 375 504
186 386 504
187 383 504
188 391 504
189 406 504
